0.27 0.59 9.49 0.01 0.00 0.00
0.28 0.61 9.48 0.00 -0.00 -0.00
0.28 0.60 9.50 0.01 0.00 0.00
0.28 0.59 9.50 0.01 -0.00 0.00
0.28 0.60 9.48 0.01 -0.00 -0.00
0.28 0.59 9.50 0.00 0.00 -0.00
0.28 0.60 9.48 0.01 -0.00 -0.00
0.28 0.59 9.48 0.01 -0.00 -0.00
0.28 0.59 9.48 0.01 0.00 0.00
0.28 0.60 9.48 0.01 0.00 0.00
0.28 0.59 9.48 0.01 0.00 -0.00
0.27 0.59 9.49 0.01 0.00 0.00
0.28 0.59 9.49 0.01 0.00 0.00
0.27 0.59 9.48 0.01 0.00 0.00
0.27 0.58 9.49 0.01 -0.00 -0.00
0.28 0.59 9.50 0.01 0.00 -0.00
0.28 0.59 9.48 0.01 0.00 -0.00
0.28 0.60 9.48 0.01 -0.00 -0.00
0.29 0.59 9.48 0.01 0.00 -0.00
0.28 0.60 9.49 0.01 0.00 -0.00
0.28 0.58 9.50 0.01 0.00 0.00
0.28 0.60 9.47 0.00 -0.00 -0.00
0.28 0.59 9.49 0.00 0.00 0.00
0.27 0.59 9.48 0.01 0.00 0.00
0.28 0.60 9.48 0.00 -0.00 0.00
0.28 0.58 9.48 0.00 0.00 -0.00
0.28 0.59 9.49 0.00 -0.00 -0.00
0.27 0.59 9.49 0.01 0.00 0.00
0.27 0.59 9.49 0.01 0.00 0.00
0.27 0.58 9.47 0.01 0.00 -0.00
0.28 0.58 9.47 0.00 0.00 -0.00
0.28 0.59 9.49 0.00 0.00 -0.00
0.28 0.59 9.49 0.01 0.00 -0.00
0.29 0.59 9.49 0.01 -0.00 -0.00
0.27 0.60 9.49 0.01 0.00 -0.00
0.28 0.59 9.48 0.01 0.00 -0.00
0.28 0.60 9.49 0.01 0.00 -0.00
0.28 0.59 9.49 0.01 0.00 0.00
0.29 0.60 9.49 0.00 0.00 0.00
0.30 0.61 9.50 0.01 0.00 0.00
0.29 0.61 9.49 0.00 0.00 -0.00
0.29 0.61 9.48 0.01 0.00 -0.00
0.28 0.60 9.49 0.01 0.00 -0.00
0.28 0.58 9.47 0.01 0.00 -0.00
0.27 0.60 9.48 0.01 0.00 -0.00
0.27 0.60 9.50 0.00 0.00 -0.00
0.28 0.59 9.49 0.01 0.00 -0.00
0.27 0.59 9.48 0.01 0.00 -0.00
0.28 0.59 9.47 0.01 0.00 0.00
0.28 0.58 9.47 0.01 0.00 0.00
0.29 0.57 9.50 0.01 0.00 -0.00
0.28 0.59 9.50 0.01 0.00 -0.00
0.27 0.61 9.50 0.01 0.00 0.00
0.28 0.61 9.49 0.01 0.00 0.00
0.28 0.60 9.49 0.01 0.00 0.00
0.28 0.59 9.47 0.01 0.00 0.00
0.27 0.59 9.48 0.01 0.00 -0.00
0.28 0.61 9.50 0.01 0.00 -0.00
0.28 0.59 9.49 0.01 0.00 0.00
0.27 0.59 9.48 0.01 0.00 0.00
0.29 0.59 9.47 0.01 -0.00 -0.00
0.28 0.58 9.49 0.01 0.00 -0.00
0.28 0.60 9.47 0.01 0.00 -0.00
0.29 0.60 9.48 0.01 0.00 0.00
0.28 0.61 9.49 0.01 0.00 0.00
0.28 0.59 9.50 0.01 0.00 -0.00
0.28 0.60 9.49 0.01 0.00 -0.00
0.31 0.57 9.46 0.01 0.00 0.27
0.27 0.57 9.50 0.01 0.00 0.00
0.28 0.58 9.47 0.01 0.00 -0.00
0.26 0.59 9.50 0.00 -0.00 -0.00
0.29 0.59 9.47 0.01 0.00 0.00
0.27 0.60 9.49 0.01 -0.00 0.00
0.28 0.60 9.49 0.01 0.00 -0.00
0.28 0.60 9.52 0.01 0.00 0.00
0.28 0.60 9.48 0.00 0.00 0.00
0.29 0.60 9.48 0.01 0.00 0.00
0.28 0.61 9.49 0.01 0.00 0.00
0.28 0.59 9.48 0.01 0.00 -0.00
0.28 0.58 9.48 0.01 0.00 0.00
0.28 0.59 9.48 0.01 0.00 0.00
0.27 0.59 9.49 0.01 0.00 0.00
0.26 0.59 9.49 0.01 0.00 -0.00
0.27 0.59 9.49 0.01 0.00 0.00
0.28 0.59 9.48 0.01 -0.00 0.00
0.28 0.59 9.47 0.00 0.00 0.00
0.28 0.60 9.47 0.01 0.00 0.00
0.28 0.59 9.48 0.01 0.00 0.00
0.29 0.60 9.50 0.01 -0.00 0.00
0.29 0.59 9.49 0.01 0.00 0.00
0.28 0.59 9.48 0.01 0.27 -0.00
0.28 0.60 9.49 0.01 0.00 0.00
0.28 0.59 9.49 0.01 0.00 0.00
0.27 0.58 9.48 0.01 0.00 0.00
0.28 0.59 9.48 0.01 0.00 -0.00
0.28 0.58 9.48 0.00 0.00 0.00
0.28 0.59 9.48 0.01 0.00 0.00
0.28 0.60 9.49 0.01 0.00 0.00
0.28 0.60 9.49 0.01 0.00 0.00
0.28 0.60 9.48 0.01 0.00 0.00
0.29 0.59 9.49 0.00 -0.00 -0.00
0.29 0.59 9.48 0.00 0.00 -0.00
0.28 0.58 9.49 0.01 0.00 -0.00
0.28 0.59 9.49 0.01 0.00 0.00
0.28 0.60 9.50 0.01 0.00 0.00
0.28 0.59 9.49 0.01 -0.00 -0.00
0.29 0.59 9.48 0.01 -0.00 0.00
0.28 0.59 9.48 0.01 -0.00 -0.00
0.28 0.59 9.49 0.01 -0.00 0.00
0.28 0.59 9.48 0.01 0.00 -0.00
0.28 0.59 9.48 0.00 0.00 -0.00
0.28 0.60 9.48 0.01 0.00 0.00
0.28 0.59 9.48 0.01 0.00 0.00
0.28 0.59 9.48 0.01 -0.00 0.00
0.28 0.59 9.48 0.01 0.00 0.00
0.28 0.60 9.48 0.00 0.00 -0.00
0.28 0.59 9.49 0.01 0.00 0.00
0.28 0.60 9.49 0.01 0.00 0.00
0.28 0.59 9.48 0.01 0.00 0.00
0.28 0.59 9.49 0.00 0.00 0.00
0.28 0.59 9.47 0.01 0.00 -0.00
0.28 0.60 9.49 0.01 0.00 0.00
0.29 0.59 9.48 0.01 0.00 -0.00
0.28 0.60 9.48 0.01 0.00 -0.00
0.28 0.59 9.48 0.01 0.00 -0.00
0.28 0.59 9.49 0.01 -0.00 -0.00
0.28 0.59 9.48 0.01 0.00 0.00
0.28 0.59 9.48 0.01 0.00 0.00
0.27 0.59 9.48 0.01 0.00 0.00
0.27 0.60 9.48 0.01 0.00 0.00
0.27 0.59 9.48 0.01 0.00 0.00
0.29 0.59 9.48 0.01 0.00 0.00
0.28 0.60 9.49 0.01 0.00 0.00
0.28 0.60 9.48 0.01 0.00 0.00
0.28 0.59 9.49 0.01 -0.00 -0.00
0.28 0.60 9.47 0.00 0.00 -0.00
0.28 0.59 9.49 0.01 0.00 -0.00
0.28 0.59 9.49 0.01 0.00 0.00
0.28 0.59 9.49 0.01 0.00 0.00
0.27 0.59 9.48 0.01 0.00 0.00
0.28 0.59 9.49 0.00 0.00 0.00
0.27 0.60 9.47 0.01 0.00 0.00
0.28 0.60 9.48 0.01 0.00 0.00
0.28 0.60 9.49 0.01 0.00 0.00
0.28 0.58 9.47 0.01 0.00 -0.00
0.28 0.59 9.48 0.01 0.00 -0.00
0.28 0.59 9.48 0.01 0.00 0.00
0.28 0.59 9.49 0.01 0.00 0.00
0.27 0.59 9.49 0.01 -0.00 0.00
0.28 0.58 9.48 0.01 0.00 0.00
0.28 0.60 9.48 0.01 0.00 -0.00
0.27 0.59 9.48 0.01 0.00 -0.00
0.27 0.58 9.48 0.01 0.00 0.00
0.29 0.59 9.49 0.01 0.00 0.00
0.27 0.60 9.49 0.01 0.00 -0.00
0.28 0.59 9.49 0.01 -0.00 -0.00
0.28 0.59 9.48 0.01 0.00 -0.00
0.28 0.60 9.48 0.01 0.00 0.00
0.28 0.59 9.48 0.00 0.00 0.00
0.28 0.59 9.51 0.00 0.00 -0.00
0.28 0.59 9.48 0.01 0.00 0.00
0.28 0.60 9.48 0.01 0.00 0.00
0.29 0.60 9.48 0.01 0.00 -0.00
0.28 0.59 9.48 0.01 0.00 0.00
0.29 0.59 9.50 0.01 0.27 -0.00
0.28 0.59 9.49 0.00 0.00 0.00
0.28 0.60 9.48 0.01 0.00 -0.00
0.27 0.60 9.48 0.01 0.00 0.00
0.27 0.59 9.48 0.01 0.00 0.00
0.28 0.58 9.48 0.01 0.00 0.00
0.28 0.60 9.48 0.01 0.00 -0.00
0.28 0.60 9.47 0.01 0.00 0.00
0.28 0.59 9.47 0.01 0.00 0.00
0.28 0.60 9.48 0.01 0.00 0.00
0.28 0.58 9.48 0.01 0.00 -0.00
0.27 0.59 9.49 0.01 0.00 -0.00
0.28 0.59 9.48 0.01 0.00 0.00
0.28 0.59 9.47 0.01 0.00 0.00
0.29 0.59 9.47 0.01 0.00 0.00
0.27 0.59 9.48 0.01 0.00 0.00
0.27 0.59 9.48 0.01 0.00 0.00
0.27 0.60 9.48 0.01 0.00 0.00
0.28 0.59 9.48 0.01 0.00 0.00
0.28 0.60 9.48 0.01 -0.00 0.00
0.28 0.58 9.48 0.01 -0.00 0.00
0.28 0.59 9.48 0.01 -0.00 0.00
0.27 0.60 9.48 0.01 0.00 0.00
0.27 0.59 9.48 0.01 0.00 0.00
0.28 0.59 9.51 0.01 0.00 0.00
0.28 0.58 9.48 0.01 0.00 -0.00
0.28 0.59 9.48 0.01 0.00 0.00
0.28 0.59 9.48 0.01 0.00 0.00
0.29 0.60 9.48 0.01 0.00 0.00
0.27 0.60 9.49 0.01 0.00 0.00
0.28 0.60 9.48 0.01 0.00 -0.00
0.27 0.60 9.48 0.01 0.00 0.00
0.28 0.59 9.49 0.01 0.00 0.00
0.27 0.60 9.47 0.01 0.00 0.00
0.28 0.59 9.48 0.01 0.00 0.00
0.28 0.58 9.48 0.00 0.00 -0.00
0.28 0.59 9.48 0.01 0.00 0.00
0.29 0.59 9.49 0.01 0.00 0.00
0.28 0.59 9.48 0.01 0.00 0.00
0.28 0.60 9.49 0.01 0.00 -0.00
0.28 0.59 9.47 0.01 0.00 -0.00
0.27 0.60 9.48 0.01 0.00 -0.00
0.28 0.59 9.48 0.01 0.00 0.00
0.28 0.59 9.48 0.01 0.00 0.00
0.29 0.59 9.48 0.01 0.00 0.00
0.28 0.59 9.48 0.01 0.00 0.00
0.28 0.60 9.49 0.01 0.00 0.00
0.28 0.59 9.48 0.01 0.00 0.00
0.27 0.59 9.49 0.01 0.00 0.00
0.28 0.59 9.48 0.01 0.00 0.00
0.28 0.58 9.48 0.01 0.00 -0.00
0.28 0.59 9.48 0.01 0.00 0.00
0.28 0.59 9.49 0.01 0.00 0.00
0.27 0.59 9.47 0.01 0.00 0.00
0.28 0.59 9.50 0.01 0.00 0.00
0.27 0.59 9.49 0.00 0.00 -0.00
0.28 0.59 9.49 0.01 0.00 0.00
0.27 0.59 9.49 0.01 0.00 0.00
0.27 0.59 9.48 0.01 0.00 0.00
0.27 0.58 9.48 0.01 0.00 -0.00
0.28 0.59 9.48 0.00 0.00 -0.00
0.27 0.60 9.48 0.01 0.00 0.00
0.27 0.59 9.50 0.01 0.00 0.00
0.28 0.59 9.49 0.01 -0.00 0.00
0.28 0.58 9.49 0.01 0.00 0.00
0.28 0.58 9.47 0.01 0.00 0.00
0.28 0.59 9.47 0.01 0.00 0.00
0.27 0.59 9.48 0.01 0.00 0.00
0.28 0.59 9.47 0.01 0.00 0.00
0.28 0.58 9.49 0.01 0.00 -0.00
0.28 0.59 9.48 0.00 -0.00 -0.00
0.27 0.59 9.49 0.01 0.00 0.00
0.27 0.59 9.49 0.01 0.00 0.00
0.28 0.59 9.50 0.01 0.00 -0.00
0.28 0.59 9.49 0.01 0.00 0.00
0.28 0.59 9.49 0.00 0.00 -0.00
0.27 0.60 9.48 0.01 0.00 0.00
0.28 0.59 9.48 0.01 0.00 0.00
0.28 0.59 9.47 0.01 0.00 0.00
0.27 0.60 9.49 0.01 0.00 0.00
0.28 0.59 9.48 0.01 0.00 0.00
0.28 0.58 9.48 0.01 0.00 0.00
0.28 0.60 9.48 0.01 0.00 -0.00
0.28 0.59 9.48 0.01 0.00 0.00
0.28 0.59 9.51 0.01 0.00 0.00
0.28 0.59 9.48 0.00 0.00 0.00
0.28 0.59 9.48 0.01 0.00 0.00
0.28 0.58 9.48 0.01 0.00 0.00
0.28 0.59 9.49 0.01 0.00 0.00
0.27 0.57 9.49 0.01 0.00 0.00
0.28 0.57 9.48 0.01 0.00 -0.00
0.28 0.59 9.49 0.01 0.00 0.00
0.28 0.59 9.49 0.01 0.00 0.00
0.28 0.59 9.50 0.01 0.00 0.00
0.28 0.57 9.48 0.01 0.00 -0.00
0.27 0.59 9.48 0.01 -0.00 -0.00
0.28 0.59 9.47 0.01 0.00 -0.00
0.28 0.58 9.48 0.01 0.00 0.00
0.28 0.59 9.49 0.01 0.00 -0.00
0.28 0.58 9.48 0.01 0.00 -0.00
0.28 0.59 9.48 0.01 0.00 -0.00
0.28 0.59 9.48 0.01 0.00 0.00
0.28 0.59 9.48 0.01 0.00 0.00
0.28 0.60 9.49 0.01 0.00 0.00
0.27 0.59 9.49 0.01 0.00 -0.00
0.27 0.59 9.49 0.01 0.00 0.00
0.28 0.59 9.49 0.01 0.00 0.00
0.28 0.59 9.50 0.01 0.00 0.00
0.28 0.58 9.49 0.01 0.00 0.00
0.27 0.60 9.50 0.01 0.00 -0.00
0.28 0.60 9.49 0.01 0.00 0.00
0.28 0.58 9.48 0.01 0.00 0.00
0.28 0.59 9.48 0.01 0.00 0.00
0.27 0.59 9.49 0.01 0.00 -0.00
0.28 0.58 9.52 0.01 0.00 0.00
0.28 0.59 9.50 0.01 0.00 0.00
0.28 0.59 9.48 0.01 0.00 0.00
0.28 0.59 9.48 0.01 0.00 0.00
0.28 0.58 9.48 0.00 0.00 0.00
0.27 0.58 9.49 0.01 0.00 -0.00
0.27 0.59 9.49 0.01 0.00 -0.00
0.28 0.59 9.49 0.01 0.00 0.00
0.28 0.59 9.48 0.01 0.00 0.00
0.27 0.59 9.48 0.01 0.00 0.00
0.28 0.57 9.48 0.00 0.00 0.00
0.28 0.59 9.50 0.01 0.00 0.00
0.28 0.59 9.49 0.01 0.00 0.00
0.28 0.59 9.48 0.01 0.00 -0.00
0.27 0.60 9.49 0.01 0.00 -0.00
0.27 0.58 9.48 0.01 0.00 -0.00
0.27 0.59 9.49 0.01 0.00 0.00
0.28 0.59 9.50 0.01 0.00 0.00
0.28 0.59 9.49 0.01 0.00 0.00
0.28 0.59 9.48 0.01 0.00 0.00
0.29 0.59 9.48 0.00 0.00 -0.00
0.28 0.59 9.48 0.01 0.00 0.00
0.28 0.59 9.48 0.01 0.00 0.00
0.28 0.59 9.49 0.01 0.00 0.00
0.28 0.59 9.49 0.01 -0.00 -0.00
0.27 0.60 9.48 0.01 0.00 -0.00
0.28 0.60 9.49 0.01 0.00 0.00
0.27 0.59 9.49 0.01 0.00 0.00
0.27 0.58 9.48 0.01 0.00 0.00
0.28 0.57 9.49 0.01 0.00 0.00
0.28 0.59 9.48 0.01 0.00 0.00
0.28 0.59 9.50 0.01 0.00 0.00
0.27 0.59 9.49 0.01 0.00 0.00
0.28 0.59 9.49 0.01 0.00 0.00
0.28 0.59 9.50 0.01 0.00 0.00
0.28 0.58 9.49 0.01 0.00 0.00
0.27 0.60 9.49 0.01 0.00 0.00
0.28 0.60 9.48 0.00 0.00 0.00
0.28 0.61 9.48 0.01 0.00 0.00
0.28 0.60 9.49 0.01 0.00 0.00
0.28 0.58 9.48 0.01 0.00 -0.00
0.28 0.59 9.49 0.01 0.00 0.00
0.28 0.59 9.48 0.01 0.00 0.00
0.29 0.60 9.48 0.01 0.00 0.00
0.28 0.59 9.48 0.01 0.00 0.00
0.29 0.59 9.49 0.01 0.00 -0.00
0.29 0.60 9.49 0.01 0.00 -0.00
0.28 0.59 9.49 0.01 0.00 0.00
0.28 0.59 9.47 0.01 0.00 0.00
0.27 0.58 9.49 0.01 0.00 -0.00
0.27 0.57 9.48 0.00 0.00 -0.00
0.26 0.58 9.48 0.01 0.00 -0.00
0.27 0.58 9.49 0.01 0.00 0.00
0.28 0.59 9.48 0.01 0.00 0.00
0.29 0.59 9.50 0.01 -0.00 0.00
0.28 0.59 9.48 0.00 0.00 0.00
0.29 0.60 9.48 0.01 0.00 0.00
0.28 0.60 9.49 0.01 0.00 0.00
0.28 0.59 9.48 0.01 0.00 0.00
0.29 0.58 9.51 0.01 0.00 -0.00
0.28 0.59 9.48 0.00 0.00 -0.00
0.27 0.58 9.48 0.01 0.00 -0.00
0.27 0.58 9.49 0.01 0.00 -0.00
0.27 0.59 9.48 0.01 0.00 0.00
0.29 0.57 9.49 0.01 -0.00 0.00
0.30 0.55 9.49 0.01 0.00 -0.00
0.25 0.60 9.50 0.00 0.00 -0.00
0.26 0.59 9.48 0.01 0.00 -0.00
0.29 0.58 9.48 0.01 0.00 -0.00
0.27 0.62 9.49 0.01 0.00 -0.00
0.30 0.61 9.48 0.00 0.00 -0.00
0.30 0.63 9.48 0.01 -0.00 -0.00
0.31 0.61 9.48 0.01 0.00 -0.00
0.27 0.60 9.50 0.01 0.00 0.00
0.27 0.58 9.47 0.01 0.00 -0.00
0.26 0.56 9.49 0.00 0.00 -0.00
0.25 0.59 9.48 0.01 0.00 -0.00
0.28 0.57 9.49 0.01 0.00 0.00
0.28 0.61 9.49 0.01 -0.00 0.00
0.28 0.62 9.48 0.01 0.00 0.00
0.30 0.59 9.49 0.00 0.00 -0.00
0.28 0.62 9.48 0.00 0.00 -0.00
0.29 0.58 9.48 0.01 0.00 0.00
0.28 0.59 9.50 0.01 0.00 0.00
0.27 0.58 9.50 0.01 0.00 0.00
0.26 0.58 9.49 0.00 0.00 -0.00
0.27 0.59 9.48 0.01 0.00 0.00
0.27 0.60 9.49 0.01 -0.00 0.00
0.28 0.61 9.48 0.01 0.00 0.00
0.28 0.57 9.51 0.01 0.00 0.00
0.29 0.60 9.49 0.01 0.00 -0.00
0.28 0.60 9.48 0.01 -0.00 0.00
0.28 0.59 9.49 0.01 0.00 0.00
0.28 0.59 9.49 0.01 0.00 0.00
0.28 0.58 9.48 0.01 0.00 -0.00
0.27 0.60 9.49 0.00 -0.00 -0.00
0.28 0.60 9.48 0.01 0.00 0.00
0.27 0.59 9.48 0.01 0.00 -0.00
0.28 0.60 9.49 0.01 0.00 -0.00
0.27 0.58 9.48 0.01 0.00 -0.00
0.28 0.59 9.49 0.00 0.00 0.00
0.28 0.58 9.48 0.01 0.00 0.00
0.27 0.58 9.48 0.01 0.00 0.00
0.28 0.59 9.48 0.01 0.00 0.00
0.28 0.59 9.49 0.01 -0.00 -0.00
0.28 0.59 9.49 0.01 0.00 -0.00
0.29 0.59 9.48 0.01 0.00 -0.00
0.28 0.60 9.48 0.01 0.00 0.00
0.27 0.60 9.48 0.01 0.00 0.00
0.28 0.59 9.49 0.00 -0.00 -0.00
0.27 0.58 9.48 0.01 0.00 -0.00
0.27 0.59 9.49 0.01 0.00 -0.00
0.27 0.59 9.49 0.01 0.00 0.00
0.28 0.59 9.49 0.01 0.00 0.00
0.28 0.59 9.50 0.01 0.00 0.00
0.28 0.60 9.48 0.01 0.00 -0.00
0.28 0.59 9.48 0.01 0.00 0.00
0.27 0.59 9.49 0.01 0.00 -0.00
0.27 0.58 9.48 0.01 0.00 -0.00
0.27 0.58 9.50 0.00 0.00 -0.00
0.28 0.57 9.49 0.01 0.00 -0.00
0.28 0.59 9.48 0.01 -0.00 -0.00
0.28 0.59 9.49 0.01 0.00 0.00
0.29 0.59 9.48 0.00 0.00 -0.00
0.28 0.59 9.47 0.00 0.00 0.00
0.27 0.59 9.49 0.00 -0.00 -0.00
0.28 0.59 9.49 0.01 0.00 0.00
0.27 0.60 9.48 0.01 0.00 0.00
0.27 0.59 9.49 0.00 0.00 0.00
0.28 0.58 9.48 0.00 -0.00 -0.00
0.28 0.59 9.48 0.00 -0.00 -0.00
0.28 0.59 9.49 0.01 0.00 -0.00
0.28 0.58 9.49 0.01 0.00 -0.00
0.27 0.59 9.48 0.01 0.00 0.00
0.27 0.58 9.47 0.00 0.00 -0.00
0.27 0.59 9.48 0.01 0.00 -0.00
0.28 0.59 9.48 0.01 0.00 -0.00
0.27 0.59 9.48 0.01 0.00 -0.00
0.28 0.59 9.49 0.01 0.00 0.00
0.28 0.59 9.48 0.00 0.00 -0.00
0.28 0.59 9.48 0.00 0.00 0.00
0.28 0.59 9.48 0.01 0.00 -0.00
0.27 0.59 9.48 0.01 0.00 0.00
0.28 0.60 9.49 0.01 0.00 0.00
0.27 0.59 9.48 0.00 0.00 0.00
0.27 0.59 9.48 0.00 0.00 0.00
0.28 0.60 9.49 0.01 0.00 -0.00
0.28 0.59 9.49 0.01 0.00 0.00
0.28 0.59 9.49 0.01 0.00 -0.00
0.28 0.58 9.49 0.01 0.00 -0.00
0.28 0.60 9.48 0.01 -0.00 -0.00
0.29 0.59 9.48 0.01 -0.00 -0.00
0.28 0.59 9.49 0.01 -0.00 0.00
0.27 0.59 9.49 0.01 0.00 0.00
0.28 0.58 9.47 0.01 -0.00 -0.00
0.27 0.59 9.47 0.01 0.00 0.00
0.28 0.58 9.48 0.01 0.00 0.00
0.28 0.59 9.48 0.01 0.00 -0.00
0.27 0.59 9.48 0.01 0.00 -0.00
0.27 0.59 9.47 0.00 0.00 -0.00
0.28 0.59 9.48 0.01 0.00 0.00
0.28 0.59 9.48 0.01 0.00 0.00
0.28 0.59 9.49 0.01 0.00 0.00
0.28 0.60 9.48 0.01 0.00 0.00
0.28 0.59 9.48 0.00 0.00 -0.00
0.27 0.59 9.49 0.00 -0.00 -0.00
0.28 0.59 9.49 0.01 0.00 -0.00
0.27 0.59 9.49 0.01 0.00 -0.00
0.27 0.59 9.50 0.01 0.00 0.00
0.28 0.58 9.48 0.01 -0.00 -0.00
0.28 0.59 9.49 0.01 0.00 0.00
0.27 0.59 9.49 0.01 0.00 0.00
0.28 0.60 9.48 0.01 -0.00 -0.00
0.29 0.59 9.51 0.01 0.00 -0.00
0.29 0.59 9.48 0.01 -0.00 -0.00
0.28 0.60 9.48 0.01 0.00 -0.00
0.28 0.60 9.48 0.01 0.00 -0.00
0.27 0.59 9.49 0.01 0.00 -0.00
0.27 0.58 9.48 0.01 0.00 -0.00
0.28 0.59 9.49 0.01 0.00 -0.00
0.27 0.59 9.49 0.01 0.00 0.00
0.28 0.58 9.49 0.01 0.00 0.00
0.26 0.59 9.48 0.01 0.00 0.00
0.29 0.59 9.49 0.01 0.00 -0.00
0.28 0.60 9.49 0.01 0.00 0.00
0.28 0.60 9.48 0.01 0.00 0.00
0.27 0.59 9.48 0.01 0.00 0.00
0.28 0.59 9.48 0.01 0.00 0.00
0.27 0.59 9.49 0.01 0.00 -0.00
0.28 0.58 9.49 0.01 0.00 -0.00
0.28 0.59 9.48 0.01 0.00 0.00
0.27 0.58 9.50 0.01 0.00 0.00
0.28 0.58 9.49 0.01 0.00 0.00
0.28 0.58 9.49 0.01 0.00 -0.00
0.28 0.58 9.49 0.01 0.00 -0.00
0.28 0.60 9.49 0.01 0.00 -0.00
0.28 0.60 9.49 0.01 0.00 0.00
0.28 0.60 9.48 0.01 -0.00 0.00
0.28 0.59 9.49 0.01 -0.00 -0.00
0.28 0.58 9.48 0.00 0.00 -0.00
0.28 0.59 9.50 0.00 -0.00 0.00
0.28 0.60 9.48 0.00 -0.00 -0.00
0.28 0.59 9.48 0.01 0.00 -0.00
0.27 0.58 9.51 0.01 0.00 0.00
0.27 0.59 9.49 0.00 0.00 -0.00
0.27 0.59 9.49 0.01 0.00 -0.00
0.28 0.60 9.49 0.01 0.00 0.00
0.28 0.58 9.49 0.01 -0.00 0.00
0.27 0.58 9.48 0.01 -0.00 0.00
0.28 0.59 9.48 0.00 0.00 0.00
0.29 0.59 9.48 0.01 0.00 0.00
0.27 0.59 9.49 0.01 0.00 0.00
0.28 0.59 9.48 0.01 0.00 0.00
0.26 0.58 9.49 0.01 0.00 -0.00
0.27 0.59 9.48 0.00 -0.00 0.00
0.27 0.59 9.49 0.01 -0.00 0.00
0.27 0.58 9.48 0.01 0.00 0.00
0.28 0.59 9.48 0.01 0.00 -0.00
0.28 0.59 9.48 0.01 0.00 -0.00
0.28 0.60 9.48 0.00 0.00 -0.00
0.29 0.59 9.48 0.01 0.00 0.00
0.27 0.60 9.47 0.01 0.00 -0.00
0.27 0.59 9.49 0.01 0.00 0.00
0.27 0.59 9.48 0.01 0.00 -0.00
0.27 0.59 9.48 0.01 0.00 0.00
0.27 0.58 9.49 0.01 0.00 0.00
0.28 0.59 9.48 0.01 0.00 0.00
0.27 0.59 9.49 0.01 0.00 0.00
0.28 0.60 9.50 0.01 0.00 -0.00
0.28 0.59 9.49 0.01 0.00 -0.00
0.28 0.60 9.49 0.01 0.00 -0.00
0.28 0.60 9.49 0.01 0.00 0.00
0.29 0.59 9.50 0.01 0.00 -0.00
0.28 0.59 9.51 0.01 -0.00 0.00
0.27 0.59 9.49 0.01 0.00 0.00
0.27 0.58 9.48 0.01 0.00 -0.00
0.28 0.59 9.49 0.01 0.00 0.00
0.27 0.59 9.50 0.01 0.00 0.00
0.28 0.58 9.48 0.01 0.00 0.00
0.27 0.59 9.48 0.00 0.00 -0.00
0.28 0.59 9.48 0.01 0.00 0.00
0.28 0.59 9.48 0.01 0.00 0.00
0.28 0.59 9.49 0.01 0.00 0.00
0.28 0.59 9.48 0.01 0.00 -0.00
0.28 0.60 9.49 0.01 0.00 -0.00
0.28 0.59 9.49 0.01 0.00 0.00
0.27 0.59 9.50 0.01 0.00 0.00
0.27 0.59 9.49 0.01 0.00 0.00
0.27 0.58 9.48 0.01 0.00 -0.00
0.28 0.59 9.48 0.01 0.00 0.00
0.28 0.59 9.48 0.01 0.00 -0.00
0.29 0.59 9.48 0.01 0.00 0.00
0.28 0.60 9.50 0.01 0.00 -0.00
0.28 0.60 9.48 0.00 0.00 -0.00
0.28 0.60 9.49 0.01 0.00 -0.00
0.28 0.58 9.48 0.01 -0.00 -0.00
0.28 0.58 9.48 0.00 -0.00 0.00
0.28 0.58 9.49 0.01 0.00 -0.00
0.27 0.58 9.48 0.00 0.00 -0.00
0.27 0.59 9.48 0.00 0.00 0.00
0.27 0.59 9.48 0.01 0.00 -0.00
0.28 0.59 9.48 0.01 0.00 -0.00
0.27 0.58 9.49 0.01 0.00 -0.00
0.28 0.58 9.50 0.01 0.00 -0.00
0.28 0.60 9.48 0.01 0.00 -0.00
0.28 0.60 9.48 0.01 0.00 -0.00
0.28 0.59 9.49 0.01 0.00 -0.00
0.28 0.60 9.48 0.00 -0.00 0.00
0.28 0.58 9.48 0.01 0.00 -0.00
0.28 0.59 9.48 0.01 0.00 0.00
0.28 0.59 9.48 0.01 0.00 0.00
0.28 0.59 9.48 0.00 0.00 -0.00
0.27 0.59 9.49 0.01 0.00 0.00
0.28 0.58 9.49 0.00 0.00 -0.00
0.26 0.59 9.48 0.01 0.00 0.00
0.28 0.60 9.49 0.01 0.00 -0.00
0.27 0.60 9.49 0.01 -0.00 -0.00
0.28 0.59 9.48 0.01 0.00 0.00
0.27 0.59 9.47 0.00 0.00 -0.00
0.28 0.59 9.49 0.01 0.00 -0.00
0.27 0.59 9.50 0.01 0.00 0.00
0.27 0.59 9.49 0.01 0.00 0.00
0.27 0.59 9.49 0.01 0.00 -0.00
0.28 0.59 9.49 0.00 0.00 0.00
0.28 0.58 9.49 0.01 0.00 0.00
0.28 0.59 9.50 0.01 -0.00 -0.00
0.29 0.59 9.49 0.01 0.00 -0.00
0.28 0.60 9.51 0.01 0.00 -0.00
0.27 0.60 9.49 0.00 0.00 -0.00
0.28 0.59 9.49 0.01 -0.00 0.00
0.28 0.59 9.50 0.01 0.00 -0.00
0.28 0.60 9.50 0.01 0.00 0.00
0.28 0.59 9.50 0.01 0.00 -0.00
0.28 0.59 9.49 0.00 0.00 -0.00
0.29 0.59 9.48 0.01 0.00 0.00
0.28 0.59 9.49 0.01 0.00 -0.00
0.28 0.59 9.49 0.01 -0.00 0.00
0.28 0.59 9.48 0.01 0.00 -0.00
0.27 0.60 9.47 0.00 0.00 -0.00
0.28 0.59 9.48 0.01 -0.00 0.00
0.27 0.60 9.48 0.01 0.00 0.00
0.27 0.60 9.48 0.01 -0.00 0.00
0.28 0.60 9.48 0.01 0.00 0.00
0.29 0.59 9.49 0.00 -0.00 -0.00
0.27 0.59 9.49 0.01 0.00 0.00
0.28 0.60 9.49 0.01 0.00 0.00
0.27 0.58 9.48 0.01 0.00 0.00
0.28 0.59 9.49 0.01 0.00 0.00
0.29 0.58 9.49 0.01 0.00 -0.00
0.28 0.60 9.49 0.01 0.00 0.00
0.28 0.59 9.48 0.01 0.00 0.00
0.28 0.59 9.48 0.01 0.00 -0.00
0.27 0.59 9.49 0.01 -0.00 0.00
0.27 0.58 9.48 0.00 0.00 -0.00
0.28 0.59 9.50 0.01 0.00 0.00
0.28 0.59 9.48 0.01 0.00 -0.00
0.28 0.58 9.48 0.01 0.00 0.00
0.27 0.58 9.50 0.01 0.00 0.00
0.29 0.59 9.49 0.01 0.00 -0.00
0.28 0.59 9.49 0.01 0.00 0.00
0.27 0.60 9.49 0.01 0.00 0.00
0.28 0.59 9.49 0.01 -0.00 0.00
0.28 0.58 9.49 0.01 -0.00 -0.00
0.29 0.58 9.49 0.00 0.00 -0.00
0.28 0.58 9.49 0.01 0.00 0.00
0.28 0.59 9.50 0.01 0.00 0.00
0.29 0.59 9.49 0.01 0.00 0.00
0.28 0.59 9.48 0.00 0.00 0.00
0.28 0.59 9.48 0.00 0.00 -0.00
0.27 0.59 9.49 0.01 0.00 0.00
0.28 0.59 9.48 0.01 0.00 0.00
0.28 0.59 9.49 0.01 0.00 -0.00
0.28 0.59 9.48 0.00 0.00 0.00
0.28 0.59 9.49 0.00 0.00 -0.00
0.28 0.59 9.47 0.01 0.00 0.00
0.30 0.58 9.47 0.00 0.00 0.00
0.27 0.59 9.51 0.00 -0.00 -0.00
0.30 0.58 9.48 0.00 -0.00 -0.00
0.28 0.58 9.50 0.01 0.00 -0.00
0.28 0.59 9.49 0.01 -0.00 0.00
0.28 0.60 9.47 0.00 -0.00 0.00
0.28 0.58 9.49 0.01 -0.00 0.00
0.28 0.59 9.49 0.01 -0.00 -0.00
0.27 0.59 9.48 0.01 0.00 0.00
0.28 0.59 9.48 0.01 -0.00 -0.00
0.26 0.59 9.49 0.01 -0.00 -0.00
0.27 0.58 9.48 0.01 0.00 -0.00
0.28 0.58 9.50 0.01 0.00 0.00
0.27 0.59 9.50 0.01 0.01 -0.00
0.28 0.59 9.50 0.01 0.00 0.00
0.29 0.59 9.48 0.01 0.00 0.00
0.27 0.58 9.50 0.01 0.00 0.00
0.28 0.58 9.48 0.00 0.00 0.00
0.28 0.58 9.49 0.00 0.00 -0.00
0.27 0.59 9.48 0.01 0.00 0.00
0.28 0.59 9.48 0.01 0.00 0.00
0.28 0.59 9.49 0.01 0.00 0.00
0.28 0.59 9.48 0.01 -0.00 -0.00
0.28 0.59 9.49 0.00 0.00 -0.00
0.28 0.59 9.50 0.01 -0.27 -0.00
0.27 0.60 9.48 0.01 0.00 -0.00
0.28 0.59 9.49 0.01 0.00 0.00
0.28 0.58 9.47 0.01 0.00 0.00
0.27 0.60 9.48 0.01 0.01 -0.00
0.28 0.59 9.48 0.00 0.00 -0.00
0.29 0.60 9.49 0.01 0.00 0.00
0.27 0.59 9.48 0.01 0.00 0.00
0.28 0.59 9.48 0.00 0.00 -0.00
0.28 0.59 9.48 0.01 0.00 -0.00
0.27 0.59 9.49 0.01 0.00 -0.00
0.28 0.60 9.48 0.01 0.00 0.00
0.29 0.59 9.48 0.01 0.00 0.00
0.28 0.60 9.48 0.00 0.00 -0.00
0.28 0.59 9.49 0.01 -0.00 -0.00
0.28 0.59 9.49 0.01 0.00 -0.00
0.28 0.59 9.50 0.01 0.00 -0.00
0.29 0.60 9.49 0.01 0.00 0.00
0.29 0.58 9.20 0.01 0.00 -0.00
0.28 0.60 9.49 0.01 0.00 0.00
0.28 0.59 9.49 0.01 0.00 -0.00
0.28 0.59 9.48 0.01 0.00 -0.00
0.27 0.59 9.48 0.01 0.00 0.00
0.28 0.59 9.49 0.00 0.00 -0.00
0.28 0.59 9.49 0.01 0.00 0.00
0.28 0.60 9.50 0.01 0.00 0.00
0.28 0.61 9.49 0.01 -0.00 -0.00
0.28 0.59 9.49 0.01 -0.00 -0.00
0.28 0.59 9.47 0.01 0.00 -0.00
0.28 0.59 9.48 0.01 0.00 0.00
0.28 0.60 9.48 0.01 0.00 0.00
0.28 0.61 9.48 0.01 0.00 -0.00
0.28 0.60 9.49 0.01 0.00 0.00
0.28 0.59 9.47 0.00 -0.00 -0.00
0.27 0.60 9.49 0.01 0.00 -0.00
0.27 0.59 9.47 0.01 0.00 0.00
0.28 0.60 9.48 0.01 0.00 -0.00
0.28 0.59 9.49 0.01 0.00 -0.00
0.29 0.58 9.48 0.00 0.00 -0.00
0.28 0.59 9.48 0.01 0.00 -0.00
0.27 0.60 9.48 0.00 0.00 -0.00
0.28 0.59 9.48 0.01 0.00 -0.00
0.28 0.60 9.50 0.01 0.00 -0.00
0.28 0.59 9.48 0.01 0.00 -0.00
0.28 0.59 9.48 0.01 0.00 0.00
0.27 0.58 9.48 0.01 0.00 -0.00
0.28 0.59 9.47 0.01 0.00 -0.00
0.27 0.58 9.50 0.01 0.00 0.00
0.28 0.60 9.49 0.00 0.00 -0.00
0.28 0.60 9.50 0.01 0.00 -0.00
0.27 0.61 9.49 0.00 0.00 -0.00
0.28 0.60 9.48 0.00 0.00 0.00
0.28 0.58 9.47 0.00 -0.00 -0.00
0.28 0.59 9.47 0.00 0.00 -0.00
0.28 0.59 9.48 0.01 0.00 0.00
0.28 0.60 9.48 0.01 -0.00 0.00
0.27 0.60 9.48 0.00 0.00 0.00
0.28 0.59 9.48 0.01 -0.27 -0.00
0.28 0.59 9.48 0.00 -0.00 -0.00
0.28 0.59 9.48 0.01 -0.00 -0.00
0.27 0.60 9.48 0.00 -0.00 0.00
0.28 0.60 9.48 0.01 -0.00 0.00
0.27 0.60 9.49 0.01 -0.00 0.00
0.28 0.59 9.47 0.00 0.00 -0.00
0.28 0.59 9.48 0.00 0.00 0.00
0.28 0.60 9.47 0.01 0.00 -0.00
0.29 0.60 9.48 0.01 0.00 -0.00
0.29 0.60 9.48 0.01 0.00 -0.00
0.28 0.59 9.47 0.00 0.00 -0.00
0.27 0.59 9.47 0.01 0.00 0.00
0.27 0.58 9.48 0.01 0.00 0.00
0.26 0.60 9.48 0.01 0.00 0.00
0.29 0.60 9.50 0.00 0.00 -0.00
0.27 0.55 9.49 0.01 0.00 -0.01
0.27 0.63 9.48 0.00 -0.00 -0.00
0.29 0.59 9.49 0.01 0.00 -0.00
0.27 0.63 9.45 0.00 0.00 0.00
0.29 0.57 9.49 0.01 0.00 -0.00
0.28 0.58 9.48 0.01 0.00 -0.00
0.26 0.63 9.47 0.00 -0.00 -0.00
0.29 0.58 9.48 0.01 0.00 0.00
0.26 0.61 9.49 0.01 0.00 0.00
0.29 0.58 9.47 0.01 0.00 -0.00
0.29 0.59 9.49 0.00 0.00 -0.00
0.26 0.60 9.49 0.01 0.00 -0.00
0.28 0.59 9.47 0.01 0.00 0.00
0.27 0.59 9.47 0.01 0.00 0.00
0.28 0.60 9.47 0.00 0.00 -0.00
0.27 0.60 9.49 0.00 0.00 -0.00
0.28 0.59 9.48 0.01 0.00 0.00
0.28 0.60 9.47 0.00 -0.00 0.00
0.27 0.60 9.48 0.01 -0.00 0.00
0.28 0.59 9.47 0.00 0.00 -0.00
0.28 0.59 9.49 0.00 0.00 -0.00
0.28 0.59 9.48 0.01 0.00 0.00
0.29 0.59 9.47 0.01 0.00 0.00
0.28 0.59 9.48 0.01 0.00 -0.00
0.28 0.59 9.48 0.00 0.00 -0.00
0.27 0.60 9.48 0.01 0.00 0.00
0.28 0.60 9.48 0.01 0.00 -0.00
0.28 0.59 9.48 0.01 -0.00 -0.00
0.28 0.60 9.48 0.01 0.00 0.00
0.28 0.59 9.49 0.01 0.00 0.00
0.29 0.59 9.47 0.01 0.00 0.00
0.28 0.60 9.48 0.01 0.00 -0.00
0.28 0.59 9.48 0.01 0.00 0.00
0.27 0.59 9.48 0.01 0.00 -0.00
0.26 0.57 9.48 0.00 0.00 -0.00
0.28 0.59 9.48 0.00 0.00 -0.00
0.28 0.58 9.48 0.01 0.00 0.00
0.28 0.60 9.48 0.01 -0.00 0.00
0.28 0.60 9.48 0.01 -0.00 0.00
0.28 0.59 9.46 0.00 0.00 -0.00
0.30 0.60 9.48 0.00 0.00 -0.00
0.29 0.60 9.48 0.01 0.27 0.00
0.29 0.61 9.48 0.01 0.00 0.00
0.28 0.60 9.48 0.01 0.00 0.00
0.28 0.59 9.48 0.01 0.00 -0.00
0.28 0.60 9.48 0.01 0.00 0.00
0.28 0.60 9.48 0.01 0.00 -0.00
0.29 0.59 9.48 0.01 0.00 -0.00
0.27 0.59 9.48 0.01 -0.00 0.00
0.28 0.58 9.48 0.01 -0.00 0.00
0.28 0.60 9.49 0.01 0.00 -0.00
0.28 0.59 9.48 0.01 0.00 -0.00
0.28 0.59 9.48 0.01 0.00 -0.00
0.28 0.59 9.47 0.01 0.00 -0.00
0.28 0.59 9.48 0.00 0.00 -0.00
0.27 0.60 9.48 0.01 -0.00 -0.00
0.28 0.60 9.48 0.01 0.00 -0.00
0.28 0.59 9.47 0.01 0.00 0.00
0.28 0.59 9.48 0.01 0.00 -0.27
0.27 0.59 9.49 0.00 0.00 -0.00
0.29 0.59 9.48 0.01 0.00 0.00
0.28 0.59 9.48 0.01 0.00 0.00
0.28 0.59 9.48 0.00 0.00 -0.00
0.28 0.59 9.48 0.01 0.00 -0.00
0.28 0.58 9.49 0.01 0.00 0.00
0.28 0.59 9.49 0.01 0.00 -0.00
0.27 0.61 9.47 0.01 0.00 -0.00
0.27 0.60 9.47 0.01 -0.00 0.00
0.28 0.60 9.48 0.01 0.00 -0.00
0.28 0.59 9.47 0.01 -0.00 0.00
0.28 0.59 9.48 0.00 0.00 -0.00
0.28 0.60 9.48 0.01 0.00 -0.00
0.28 0.60 9.48 0.01 0.00 -0.00
0.28 0.60 9.47 0.00 0.00 0.00
0.28 0.59 9.48 0.00 0.00 -0.00
0.28 0.58 9.48 0.01 0.00 -0.01
0.28 0.60 9.48 0.01 0.00 -0.00
0.28 0.59 9.48 0.01 -0.00 0.00
0.27 0.59 9.49 0.01 0.00 0.00
0.29 0.59 9.47 0.00 -0.00 -0.01
0.28 0.59 9.47 0.00 0.00 -0.00
0.28 0.59 9.48 0.01 0.00 -0.00
0.28 0.59 9.48 0.01 0.00 0.00
0.28 0.59 9.49 0.01 0.00 0.00
0.27 0.59 9.48 0.00 0.00 -0.00
0.27 0.59 9.47 0.00 0.00 0.00
0.28 0.59 9.48 0.01 0.00 0.00
0.27 0.59 9.47 0.01 0.00 0.00
0.27 0.58 9.51 0.01 0.00 0.00
0.28 0.59 9.48 0.00 0.00 -0.00
0.28 0.60 9.48 0.01 0.00 -0.00
0.28 0.60 9.48 0.01 0.00 -0.00
0.28 0.59 9.48 0.01 0.00 0.00
0.28 0.59 9.50 0.00 0.00 0.00
0.27 0.59 9.48 0.00 0.00 -0.00
0.27 0.59 9.49 0.01 0.00 0.00
0.27 0.58 9.48 0.01 0.00 0.00
0.27 0.59 9.47 0.01 0.00 0.00
0.28 0.60 9.48 0.01 0.00 -0.00
0.29 0.58 9.48 0.00 0.00 -0.00
0.28 0.60 9.48 0.01 0.00 0.00
0.29 0.60 9.48 0.01 0.00 0.00
0.28 0.59 9.47 0.01 0.00 0.00
0.28 0.59 9.48 0.01 -0.00 0.00
0.28 0.59 9.47 0.00 0.00 -0.00
0.28 0.60 9.48 0.01 0.00 -0.00
0.28 0.59 9.48 0.00 0.00 -0.00
0.28 0.58 9.48 0.01 0.00 -0.00
0.28 0.59 9.48 0.01 0.00 -0.00
0.28 0.58 9.48 0.00 0.00 -0.00
0.28 0.59 9.50 0.01 0.00 0.00
0.28 0.59 9.47 0.00 0.00 -0.00
0.28 0.59 9.47 0.01 0.00 0.00
0.29 0.59 9.49 0.01 0.00 0.00
0.28 0.60 9.48 0.00 -0.00 -0.00
0.28 0.59 9.48 0.01 -0.00 0.00
0.28 0.59 9.48 0.01 0.00 0.00
0.28 0.60 9.48 0.01 0.00 -0.00
0.28 0.59 9.50 0.01 0.00 0.00
0.26 0.60 9.47 0.00 0.00 -0.00
0.28 0.58 9.47 0.01 0.00 0.00
0.28 0.58 9.48 0.01 -0.00 0.00
0.27 0.60 9.48 0.01 0.00 0.00
0.28 0.58 9.48 0.01 0.00 0.00
0.29 0.60 9.48 0.01 -0.00 -0.00
0.28 0.60 9.48 0.01 0.00 -0.00
0.27 0.59 9.48 0.01 0.00 -0.00
0.28 0.60 9.49 0.01 0.00 -0.00
0.27 0.60 9.48 0.00 0.00 -0.00
0.28 0.60 9.48 0.00 0.00 -0.00
0.27 0.58 9.48 0.01 0.00 -0.00
0.28 0.60 9.48 0.00 0.00 0.00
0.28 0.60 9.48 0.01 0.00 0.00
0.28 0.58 9.50 0.00 0.00 -0.00
0.27 0.59 9.48 0.01 0.00 -0.00
0.27 0.59 9.48 0.01 0.00 -0.00
0.27 0.59 9.47 0.00 0.00 0.00
0.28 0.58 9.48 0.01 0.00 -0.00
0.28 0.59 9.48 0.01 0.00 -0.00
0.28 0.59 9.48 0.00 0.00 -0.00
0.27 0.61 9.49 0.01 0.00 -0.00
0.27 0.59 9.48 0.01 -0.00 0.00
0.29 0.59 9.47 0.01 0.00 -0.00
0.28 0.59 9.50 0.01 0.00 0.00
0.27 0.59 9.48 0.01 0.00 -0.00
0.28 0.59 9.47 0.01 0.00 0.00
0.28 0.59 9.48 0.01 0.00 -0.00
0.28 0.61 9.48 0.01 0.00 -0.00
0.29 0.59 9.49 0.01 0.00 -0.00
0.28 0.59 9.48 0.00 0.00 -0.00
0.28 0.60 9.49 0.01 0.00 0.00
0.27 0.59 9.48 0.01 0.00 0.00
0.27 0.58 9.47 0.01 0.00 0.00
0.28 0.57 9.48 0.00 0.00 0.00
0.27 0.59 9.47 0.00 0.00 0.00
0.27 0.58 9.49 0.01 0.00 0.00
0.27 0.58 9.48 0.01 0.00 0.00
0.28 0.59 9.48 0.01 -0.00 -0.00
0.29 0.58 9.47 0.01 0.00 -0.00
0.28 0.59 9.49 0.00 0.00 -0.00
0.27 0.59 9.48 0.01 -0.00 -0.00
0.28 0.60 9.48 0.00 0.00 0.00
0.29 0.60 9.47 0.01 0.00 -0.00
0.28 0.60 9.46 0.00 0.00 -0.01
0.28 0.60 9.48 0.00 0.00 -0.00
0.28 0.61 9.49 0.01 0.00 0.00
0.28 0.59 9.49 0.01 0.00 -0.00
0.28 0.59 9.48 0.01 0.00 0.00
0.27 0.59 9.47 0.01 0.00 0.00
0.27 0.59 9.48 0.01 0.00 -0.00
0.28 0.60 9.48 0.01 0.00 0.00
0.28 0.59 9.49 0.01 0.00 -0.00
0.28 0.60 9.49 0.01 0.00 0.00
0.28 0.59 9.50 0.00 0.00 -0.00
0.27 0.61 9.48 0.01 0.00 0.00
0.28 0.59 9.48 0.01 0.00 -0.00
0.27 0.59 9.48 0.01 0.00 0.00
0.28 0.60 9.48 0.01 0.00 0.00
0.28 0.58 9.49 0.01 0.00 -0.00
0.28 0.60 9.48 0.01 0.00 -0.00
0.29 0.61 9.48 0.01 0.00 0.00
0.28 0.59 9.47 0.01 0.00 0.00
0.27 0.60 9.48 0.01 0.00 -0.00
0.28 0.59 9.47 0.01 0.00 0.00
0.27 0.59 9.48 0.01 0.00 0.00
0.28 0.60 9.49 0.01 0.00 0.00
0.28 0.60 9.47 0.01 0.00 -0.00
0.28 0.59 9.48 0.01 0.00 0.00
0.28 0.58 9.47 0.00 0.00 -0.00
0.28 0.59 9.48 0.00 0.00 -0.00
0.27 0.59 9.48 0.01 0.00 -0.00
0.28 0.59 9.48 0.01 0.00 -0.00
0.27 0.60 9.48 0.00 0.00 0.00
0.28 0.60 9.48 0.00 0.00 -0.00
0.28 0.60 9.48 0.01 0.00 0.00
0.29 0.60 9.48 0.01 0.00 -0.00
0.29 0.60 9.48 0.01 0.00 -0.00
0.27 0.60 9.49 0.01 0.00 -0.00
0.27 0.60 9.48 0.00 0.00 0.00
0.27 0.59 9.48 0.00 0.00 0.00
0.27 0.59 9.48 0.01 0.00 0.00
0.27 0.59 9.48 0.01 0.00 0.00
0.27 0.58 9.49 0.00 0.00 0.00
0.27 0.60 9.48 0.00 0.00 -0.00
0.28 0.60 9.48 0.01 0.00 0.00
0.28 0.59 9.48 0.01 0.00 -0.00
0.28 0.60 9.48 0.01 0.00 0.00
0.28 0.60 9.49 0.01 0.00 0.00
0.29 0.60 9.48 0.00 0.00 -0.00
0.29 0.60 9.48 0.01 0.00 0.00
0.29 0.60 9.48 0.00 0.00 0.00
0.28 0.60 9.49 0.01 0.00 0.00
0.28 0.59 9.48 0.01 0.00 -0.00
0.28 0.59 9.47 0.01 0.00 -0.00
0.28 0.59 9.47 0.01 0.00 -0.00
0.27 0.59 9.48 0.01 0.00 -0.00
0.28 0.59 9.47 0.01 0.00 0.00
0.29 0.59 9.49 0.01 0.00 -0.00
0.28 0.60 9.48 0.01 0.00 0.00
0.28 0.60 9.47 0.01 0.00 -0.00
0.29 0.59 9.47 0.01 0.00 0.00
0.28 0.60 9.48 0.01 0.00 -0.00
0.28 0.60 9.48 0.01 0.00 0.00
0.27 0.59 9.48 0.00 0.00 -0.00
0.28 0.60 9.48 0.01 0.00 0.00
0.27 0.58 9.48 0.01 0.00 0.00
0.27 0.58 9.48 0.01 0.00 0.00
0.27 0.59 9.49 0.01 0.00 0.00
0.28 0.59 9.49 0.00 0.00 -0.00
0.28 0.60 9.49 0.00 0.00 -0.00
0.29 0.61 9.49 0.01 0.00 0.00
0.28 0.61 9.48 0.01 0.00 -0.00
0.29 0.59 9.50 0.00 0.00 -0.00
0.28 0.60 9.49 0.00 0.00 0.00
0.28 0.60 9.48 0.01 0.00 0.00
0.29 0.59 9.49 0.01 0.00 -0.00
0.27 0.59 9.48 0.00 0.00 -0.00
0.27 0.57 9.48 0.01 0.00 -0.00
0.28 0.58 9.48 0.00 0.00 -0.00
0.28 0.58 9.48 0.01 -0.00 -0.00
0.28 0.59 9.48 0.01 -0.00 -0.00
0.27 0.60 9.48 0.01 0.00 -0.00
0.28 0.58 9.48 0.01 0.00 -0.00
0.29 0.59 9.48 0.01 0.00 -0.00
0.28 0.59 9.47 0.01 0.00 0.00
0.29 0.59 9.48 0.01 0.00 0.00
0.28 0.61 9.48 0.01 0.00 0.00
0.28 0.59 9.49 0.00 0.00 -0.00
0.28 0.59 9.48 0.01 0.00 -0.00
0.27 0.59 9.47 0.01 0.00 -0.00
0.28 0.58 9.48 0.01 0.00 0.00
0.28 0.59 9.49 0.00 0.00 0.00
0.27 0.59 9.48 0.01 0.00 -0.00
0.27 0.59 9.48 0.00 0.00 0.00
0.27 0.60 9.48 0.00 0.00 0.00
0.28 0.60 9.47 0.01 -0.00 0.00
0.28 0.60 9.49 0.01 -0.00 -0.00
0.28 0.59 9.50 0.01 -0.00 0.00
0.29 0.59 9.49 0.01 0.00 -0.00
0.27 0.58 9.48 0.01 0.00 -0.00
0.28 0.59 9.49 0.01 0.00 -0.00
0.27 0.59 9.48 0.01 0.00 0.00
0.29 0.57 9.50 0.00 0.00 0.00
0.28 0.59 9.49 0.00 0.00 -0.00
0.27 0.59 9.48 0.01 0.00 0.00
0.28 0.59 9.48 0.01 0.00 -0.00
0.29 0.60 9.49 0.00 0.00 0.00
0.29 0.58 9.48 0.01 0.00 -0.00
0.29 0.60 9.48 0.00 0.00 -0.00
0.29 0.58 9.49 0.01 0.00 -0.00
0.28 0.59 9.49 0.01 0.00 0.00
0.28 0.59 9.49 0.01 0.00 -0.00
0.27 0.58 9.48 0.01 0.00 -0.00
0.27 0.59 9.49 0.00 0.00 -0.00
0.27 0.60 9.48 0.01 0.00 -0.00
0.28 0.60 9.49 0.00 0.00 0.00
0.27 0.59 9.48 0.01 0.00 -0.00
0.28 0.60 9.48 0.00 0.00 -0.00
0.28 0.60 9.48 0.00 0.00 -0.00
0.28 0.60 9.49 0.01 0.00 -0.00
0.28 0.60 9.48 0.00 0.00 -0.00
0.28 0.59 9.49 0.00 0.00 -0.00
0.27 0.58 9.48 0.00 0.00 -0.00
0.27 0.59 9.48 0.01 0.00 -0.00
0.28 0.59 9.48 0.01 0.00 0.00
0.28 0.60 9.47 0.01 0.00 -0.00
0.27 0.59 9.49 0.01 0.00 -0.00
0.28 0.59 9.51 0.00 -0.00 -0.00
0.28 0.60 9.48 0.01 0.00 -0.00
0.28 0.60 9.48 0.00 0.00 0.00
